' 111111111-

’11 ,1111111111 11111.
11111 111111111111111111 111 11111111111111, 1111111111έῖ 5
1111111111111111111111

1111111111]
’11111111Μ 111

111111111111 1111111111 1111111111 1
11113111, 1111 1111111111 1111 ,1111111111 1111111111 1
111111 11111111 111, 111111111111111111111Λ11111 1
1111,1111,,11111,11111 111111,,1111]11ό111 1111111, ,
1,,11111111111111,111111111111111111111111111111, 11. ·
3111111111111111 11111111 1111111111 1111 31111111111111 ῑ
55551555 ,11111111111116111111111 1111111111· 5
1111111111 116 1, 5555 111111611111111111,1]111 1111· 55.
1111111111111]111,11111111111111111111111111111 ξ
1111111111,1111111111111,1111111111111,11111111111111Ι :
111111111111111111. ¹
1111111111- 8111111 1111111111111111111111111 1111111111 1111111, ·
“dmm 111111111111111 5 1111111)1111.111.,·.11],76.11111- ·
1111111111111. 22. ,.1],’111111111,1,1,111111111111, 111111-
11111 ,11111111111111 1111111111] 1111111111 1311111111- ,
1111111111111111111 1111111111111111111111111 1
1111111111111111111111111111111111
temsnmu 11111111111111111 ,1111,]111111111111111111111 ’
525. 1111111111 1111111111 111 Κ1,1111111111,11111111
1,]111111111111111 ,11] 11111111111111111111111
1111111111 111,11]1111111Α] 1111111111 1111111111 1111
Ῑ111111111· 111111 111111,111111111111]1111111]111 11111 111011] 1
‘mm 1111111111111,.111111111111111111111111111111111111]111ς 2
111111111111111, 1111111,1111111]11111111,11111111111111 1
g55 5555 111111111111111111111111 11,·1111111,1111111]1

11111111111111111,1111111111111111,,11]1111111]111]]1
11 ¹

 

