444 <gam-mim.
{zwn- 14,44444444444444444414414441444 ,44414-
morem trsezmue 44444 4444444444, 4444 4 4444 4 4
33 ¹² {a 4444144444444414144444, (ff, 44144444143444444444414
4444,14,1414144444414, 4444444444,414441444444444-
444414 144444 11444411 1444441441· 444 444 444444 41444 ,444 4414
4444144441 4114444144144444444144 exea 444-444444
44444414444441 4414144444 1414444, 4414114414 4144 441414
444444441411414444444444441444444...4441414144
144414444444144144444444 44144 4444444414 4444444 44
11444144441444144144444,4444444 41444444 441
1444444444 4444444144, tum ,4, 4444441444444441 414444
, (1444444114 44444144444414444444 4444144144 4414444414
des 144 44414444444444444444 444 4414144444 nema-
gna 4444 mm adunatione ,444444 414444, aut 4444444444-
'anuibus 444 ,4444414444 4144ᾶῇ4441 4444414411144 44
, {fssffi 3339 44444414414444, 44444444 4444444144 444, [41414444441444-
4444143444 44444414444441444414 4414414441444444 444441-
4414441411441,114441444414441444444444444441414
444;444411441444114441444444414144444141441.
14 tv 4) 444141444414441444444 44144 4444444444,
4444141, 41444414444441444 444444 44444 4414414441( effi
4444, 44444144444444444 44441 44444144444444444, 4444444444-
4444144144.) 11444, nunc 444444 exem 4144444441·
14444444444144444414444414 [oleo.
444244411444444 44444444 4444-444141444444414
2⁴0¹& 411444444,144444444444444444444 144444 444 44444 444. 444,
144414411444144414444444. 444114444444444444444
14414444444144 414441444444444444444441444, 4441441444,
144444444441 ore, 44144444441444, 1441 4444141 414-
44444414444444414441441411444414444444444444414444
4111 4144441444 44144144 44 multu 4444444144
Ο 444444 A 4 n v 44 441411,4144444444,1 it 4444·
4444444441444 444444,41444441444411414.4 444 44114444·

114, s 44 4 444444, qum magnam 4444444 1,44413 14414 4
u a 114,

 

